{"uuids": ["e7c0574639a244c8972c92aab9501035", "50f90a6f17de473f9ca15f00afdedf7a", "f2f5dbaf4d3d43f68adeb7f318afa3a2", "5237e90a0ca3460dbbcba20adb61922f", "e7035edf5bc744c9912694a7d4b2a99c", "d58d3c409dc44d8c8a2d4391f7b58c2e", "4ddaf4c17316485982401f7c1221bfb4", "ddf1acf224ff464a99a667ccaefe0da8", "9db61a6cad314a4c9bfdc3803e848771", "8ab13dd84a2649998f9d18fdac98500d", "62dd72a8a64c4c8196feee2dbfbc455f", "92d0a5debc064decbf02f9694c7ffcc5", "5c7a4c6bd931407eb9390abd911ce338", "bd26ad126dd5433982e43c255f8a559b", "a979cdc1dbcc4a68b2bdd8ddeac80e9f", "f19ccc1f8b5345caa6ea89ada97a4092", "531a542ff1714bb080d8f06f3cd2daff", "4a7db6a010474c5883a7bd81f70ebf6e", "95c14eefefb64bd78c55f1acc9fe7a34", "188c7cf4d08c465da99604340132fd19", "36028479b327434c897d1d3197b6ca28", "bb2ffb6c1c0245c28ffd2b4da70c6668", "3751d3e035e64593bfd8eb53a8f75020", "8858f4df0aaa4fffb40eb10ce03f8f57", "d866de38aeaa4ab5933b5a72f12647e5", "33f3ac37c7a54d59add8c203a508d6ab", "25d5a3da89f54bbebe985e5a798edb15", "866d3bfd9060413caef42d80d52ae10a", "462c2ac6f3eb490fbabd979a0f20740d", "d59a8cf61ec54de199a3640e506ae608", "33fab35062c94a3a986db018cf7ad130", "78e5590f31e04d70a15bb8b80eba8781", "f0b90da25a244a1f9b9c6616cadd65e9", "f00db7d331e74b86a2491741396a9644", "68913ebfbcc3476498e19dc33ca4729c", "c74fc3f9e84849b8a9f9ed857807c68f", "cc086016d63c48b79246de8e710ec6b7", "8a3a330d3edd4a3f883fcb736afe3516", "72d73e3748e44d8fa7ac8dc8e42f0d4b", "527faef6dc3f4309885fe26706c5b3ac", "3bab1a650de445ae88ec28c5536282b2", "4913229383014b649940485b3acb73b1", "eb31fcc31eb345acb316d9fc051d6b8e", "72672ab44e4b4e40a94e44b91913cfef", "dbed952d9bec40ba80b4715a088c1f74", "e8b9d4f627764bab903fffc467f1590a", "58c03faba45d40f79f6dac7c3eb612fd", "0e2d3b13dbb74d16a7f43640cd47d571", "202953463f1243d798d4ed09992c7827", "5e7132dcc2fb47caba7b5bdfdc77fb24", "c488d364125147a48b46e7aadd7fb578", "e4cc52624842450b80da0a10a4014f67", "9485b0e97a604fa39c8739fe524d13dd", "cc3bced56fdd4120a84ce738286d4abb", "4e5c3849a891432ba547a645a6e4be06", "6c46851262b44c739e976eda5d8341e2", "0c66dcc7cb914fecaed9ca1be9e8d842", "36312309e76640b88d4739110f21ce47", "c71f03be88544ab2b6fb8ac2936c12d2", "d5fe5ee20e6c4686af68be4c6f4c79b3", "ce96d3bc935443daa12f97fa6f2902ae", "daf1f3f963294f74ab1ee61533a05db6", "e439d23e891d40a683c73ab75828f4d6", "d97dec16cb3046958f9e7ca72ace75e6", "fcc8c68e977147e2a874755e3f463f82", "de1c74355255453dad0e9870410efe1a", "c750eeb05b9440e79877a7ce3217371a", "abd1d304fb8a45d8ab436f3131570d57", "a1006eb46d02423fbb88f3dd33c1ac9f", "52c801c9194b400c9dc0c86378d7c82d", "3952773cce95427aabac82831f21896d", "a364e58fc71a44f7926802e0dc8ac3a0", "4fdc0b8862924332a3ae5523f6a2c696", "8c2e19172e004d1f90c15b73a89e104c", "01b0d4d48fec4e20a068699d8fb1a8e2", "7c5cd3ce691b4f43979b415e5971ffe5", "1d6c953d92be4090a20ff96d1cb12e81", "2514b1dd5536430d8f504e5057293c2e", "9fffe766271d41b1a93aeb3f4cf523d2", "255a519d8d6e4460b3beeab84c08be55", "c8f64324f09447879b996e99f49a526a", "b393ef6a3f294337ba31e078fe7631d5", "f2028fc8c5c84d31ac58327a561bd3b6", "586295bacd314981b5671e5b50cbed37", "383fb54eea8a4775a0f973df0a1e5509", "78c87c61dcfb4347a0a83b8eb5778c3e", "d1407440dc15455a870dbc3e5605979b", "078955adeb484df78b7115368eadbe22", "935d50d4e4ea4f4a8b40355ab690b1bf", "5a711d86edf44de7b54465613b1828fb", "e7c9dc3edc86436bb0ab71bdefb3d110", "dde8333d1cec4b8b9d486a36fe51b6f3", "24add69e9430473c9b7073d68713aebb", "9a43cbb670304065a69bfde53f411dac", "9a38b78931004944aa0228e82b3db184", "f2fbabf1053d4aa2aee2376aaa451cb5", "306229bb559742a5a589a827f37da19a", "a4a4267ebcff4e92b9ab86257058cb5f", "83ac74ececce47fea7bf26b33b771077", "cec209123a3c4b1686bfaa1289c451cb", "57df91e6b5f24f1f999e36c6dbcb7baa"], "similarity_matrix": [[1.0, 0.34944361448287964, 0.3799346685409546, 0.43457502126693726, 0.38807350397109985, 0.4462030231952667, 0.36650794744491577, 0.30232030153274536, 0.347098171710968, 0.31807196140289307, 0.3689478635787964, 0.32518988847732544, 0.3035445511341095, 0.2535194158554077, 0.2558583915233612, 0.35723876953125, 0.24653777480125427, 0.5091708898544312, 0.2697463631629944, 0.2894335985183716, 0.36826223134994507, 0.46520450711250305, 0.42556577920913696, 0.31739601492881775, 0.26558423042297363, 0.47462278604507446, 0.28573089838027954, 0.3556729257106781, 0.24672675132751465, 0.31030720472335815, 0.28944480419158936, 0.47617459297180176, 0.35181528329849243, 0.4628247618675232, 0.4751744270324707, 0.359910786151886, 0.17921824753284454, 0.41417598724365234, 0.3196555972099304, 0.21316488087177277, 0.4004344940185547, 0.3106417655944824, 0.27473676204681396, 0.3838464021682739, 0.3772806227207184, 0.28311026096343994, 0.32179325819015503, 0.24702784419059753, 0.37835943698883057, 0.2531627416610718, 0.32603949308395386, 0.4590415358543396, 0.4175000488758087, 0.3255176544189453, 0.46895161271095276, 0.3077874183654785, 0.3179132044315338, 0.34348708391189575, 0.379817396402359, 0.4127890467643738, 0.4793478846549988, 0.43618375062942505, 0.3872387409210205, 0.340190052986145, 0.2673078775405884, 0.30811017751693726, 0.34680038690567017, 0.39905235171318054, 0.4363866448402405, 0.4576956629753113, 0.2592809200286865, 0.27458134293556213, 0.37473616003990173, 0.2758493423461914, 0.3882673680782318, 0.2148347795009613, 0.36211928725242615, 0.23564521968364716, 0.38614892959594727, 0.3286244869232178, 0.3598708510398865, 0.32608574628829956, 0.40966492891311646, 0.41496482491493225, 0.2832876741886139, 0.44889259338378906, 0.34972426295280457, 0.2994258403778076, 0.2513306140899658, 0.3880636692047119, 0.41487812995910645, 0.2742326259613037, 0.2208966314792633, 0.41496574878692627, 0.2813829481601715, 0.2360137701034546, 0.44443243741989136, 0.33187171816825867, 0.34210628271102905, 0.4562704861164093, 0.3701450824737549], [0.34944361448287964, 0.9999998807907104, 0.34492313861846924, 0.6207574605941772, 0.3932253122329712, 0.3480480909347534, 0.2511659860610962, 0.5420565605163574, 0.34780484437942505, 0.4560449719429016, 0.29685619473457336, 0.2188987284898758, 0.2390754222869873, 0.2454560101032257, 0.19352871179580688, 0.41967931389808655, 0.4640422463417053, 0.357712984085083, 0.6131125688552856, 0.519441545009613, 0.25920236110687256, 0.4101662337779999, 0.4676503837108612, 0.3407054543495178, 0.3050001263618469, 0.3400803208351135, 0.5048909187316895, 0.576966404914856, 0.5841158628463745, 0.48534661531448364, 0.4772047698497772, 0.32377785444259644, 0.34749025106430054, 0.46062594652175903, 0.5404390692710876, 0.4299751818180084, 0.24849897623062134, 0.6410043835639954, 0.22804199159145355, 0.2344188392162323, 0.661697268486023, 0.34518176317214966, 0.570483922958374, 0.49141842126846313, 0.22394543886184692, 0.4189761281013489, 0.22615188360214233, 0.19281667470932007, 0.4418337643146515, 0.18001298606395721, 0.22249695658683777, 0.36356040835380554, 0.4353828430175781, 0.4050249755382538, 0.6711035966873169, 0.6293941736221313, 0.600772500038147, 0.5935858488082886, 0.2829652428627014, 0.5009260177612305, 0.40740036964416504, 0.47222304344177246, 0.2099124938249588, 0.4953024387359619, 0.5130656957626343, 0.34513258934020996, 0.44484952092170715, 0.7020772695541382, 0.37442103028297424, 0.44307708740234375, 0.19511264562606812, 0.2156478464603424, 0.46111637353897095, 0.2704119384288788, 0.4562753438949585, 0.52863609790802, 0.4307206869125366, 0.23985475301742554, 0.4864199757575989, 0.3227872848510742, 0.4316851496696472, 0.4111572504043579, 0.38354766368865967, 0.5346909761428833, 0.5453637838363647, 0.48801809549331665, 0.2505919635295868, 0.4339478015899658, 0.322529673576355, 0.5253777503967285, 0.3584131598472595, 0.3299795687198639, 0.3413947820663452, 0.46764642000198364, 0.4295429587364197, 0.38093799352645874, 0.2717359960079193, 0.48949819803237915, 0.48569080233573914, 0.4505646824836731, 0.3981708884239197], [0.3799346685409546, 0.34492313861846924, 1.0000001192092896, 0.47141963243484497, 0.35855576395988464, 0.5160506963729858, 0.3868422508239746, 0.27380916476249695, 0.5061313509941101, 0.3826445937156677, 0.33955761790275574, 0.4127885103225708, 0.31609058380126953, 0.2891900837421417, 0.3436972498893738, 0.49339693784713745, 0.38344138860702515, 0.511222243309021, 0.2552570402622223, 0.25645506381988525, 0.46420717239379883, 0.41140323877334595, 0.4197477698326111, 0.29999661445617676, 0.3115993142127991, 0.47817379236221313, 0.2676202654838562, 0.2358817458152771, 0.4399460554122925, 0.3849593698978424, 0.32459771633148193, 0.34776484966278076, 0.5290307998657227, 0.49517980217933655, 0.4978322386741638, 0.42163607478141785, 0.4687352776527405, 0.4511682987213135, 0.42957061529159546, 0.26727116107940674, 0.40433651208877563, 0.3664306402206421, 0.2632879614830017, 0.4151448607444763, 0.3575705885887146, 0.42659640312194824, 0.27361050248146057, 0.4004332423210144, 0.3266458809375763, 0.3196937143802643, 0.39887309074401855, 0.37702032923698425, 0.42090848088264465, 0.4657571315765381, 0.45493224263191223, 0.37887710332870483, 0.37777185440063477, 0.5091813802719116, 0.42106103897094727, 0.3751522898674011, 0.4468894302845001, 0.5090409517288208, 0.36733806133270264, 0.3955237865447998, 0.31588125228881836, 0.42417997121810913, 0.4241873621940613, 0.41213369369506836, 0.4540141820907593, 0.4274861812591553, 0.3482120633125305, 0.4677092432975769, 0.4490080773830414, 0.30770039558410645, 0.4546022415161133, 0.2351180613040924, 0.39800262451171875, 0.355735182762146, 0.4587899446487427, 0.3796446621417999, 0.45703044533729553, 0.4399555027484894, 0.4660935401916504, 0.33920013904571533, 0.22848397493362427, 0.41111814975738525, 0.35735899209976196, 0.3864920735359192, 0.39914870262145996, 0.4773865342140198, 0.47475355863571167, 0.37621358036994934, 0.4047366976737976, 0.4165865480899811, 0.3297872543334961, 0.35776519775390625, 0.5207815170288086, 0.3868352174758911, 0.4112590551376343, 0.45087721943855286, 0.5364209413528442], [0.43457502126693726, 0.6207574605941772, 0.47141963243484497, 1.000000238418579, 0.3890242576599121, 0.5220551490783691, 0.26521357893943787, 0.47259584069252014, 0.4031810164451599, 0.4447212219238281, 0.31977933645248413, 0.28390541672706604, 0.2679022550582886, 0.30820709466934204, 0.37479931116104126, 0.4841850996017456, 0.36707890033721924, 0.452787309885025, 0.5239453315734863, 0.5022941827774048, 0.3847212791442871, 0.4394926130771637, 0.476119726896286, 0.4195989966392517, 0.3284605145454407, 0.5073478817939758, 0.4247274696826935, 0.5408410429954529, 0.5910184383392334, 0.49798810482025146, 0.49868685007095337, 0.3920479416847229, 0.4397929906845093, 0.4611016511917114, 0.6238172054290771, 0.4920908808708191, 0.2957190275192261, 0.717820405960083, 0.3402526378631592, 0.20836566388607025, 0.7341192960739136, 0.31019920110702515, 0.5177203416824341, 0.45764443278312683, 0.2657264173030853, 0.40304118394851685, 0.18999111652374268, 0.32710856199264526, 0.47594600915908813, 0.243912011384964, 0.3985109329223633, 0.4017135500907898, 0.4530435800552368, 0.5019294023513794, 0.6988611221313477, 0.65554279088974, 0.5614892840385437, 0.6547702550888062, 0.4085056781768799, 0.4420948028564453, 0.45699694752693176, 0.6160447001457214, 0.36361318826675415, 0.4689261317253113, 0.5381069183349609, 0.47768646478652954, 0.46590304374694824, 0.7092601656913757, 0.4776059091091156, 0.4821629524230957, 0.17383156716823578, 0.28845611214637756, 0.46415168046951294, 0.29006439447402954, 0.4344099760055542, 0.47344672679901123, 0.5236178040504456, 0.2912391424179077, 0.4586620330810547, 0.30725833773612976, 0.5211686491966248, 0.47986340522766113, 0.5431804656982422, 0.5736326575279236, 0.45247262716293335, 0.5036427974700928, 0.37566161155700684, 0.39362335205078125, 0.3737921416759491, 0.6091796159744263, 0.44301074743270874, 0.45027947425842285, 0.39243897795677185, 0.5168786644935608, 0.4681001901626587, 0.3117583394050598, 0.3720840811729431, 0.5054569244384766, 0.529399037361145, 0.5100597143173218, 0.4838913083076477], [0.38807350397109985, 0.3932253122329712, 0.35855576395988464, 0.3890242576599121, 0.9999995231628418, 0.4413986802101135, 0.4535088837146759, 0.3878118097782135, 0.39454811811447144, 0.5011303424835205, 0.5562015771865845, 0.4294646084308624, 0.4843290150165558, 0.407736599445343, 0.316609263420105, 0.43091368675231934, 0.4467335641384125, 0.4564710855484009, 0.41493868827819824, 0.3578515946865082, 0.31317609548568726, 0.3991008996963501, 0.4477543234825134, 0.5740301609039307, 0.4936341643333435, 0.35322731733322144, 0.5476200580596924, 0.3626136779785156, 0.25106579065322876, 0.3687742352485657, 0.5515844821929932, 0.5011692047119141, 0.3839319944381714, 0.35537683963775635, 0.5249490737915039, 0.40066254138946533, 0.2410522997379303, 0.388688862323761, 0.2549588680267334, 0.3372020125389099, 0.43097004294395447, 0.5334776639938354, 0.3882395029067993, 0.4176332950592041, 0.4495815634727478, 0.565679132938385, 0.4393770098686218, 0.37989819049835205, 0.30266648530960083, 0.29981136322021484, 0.3012077212333679, 0.47555652260780334, 0.526750922203064, 0.3546631336212158, 0.42281657457351685, 0.428378701210022, 0.29405757784843445, 0.39302241802215576, 0.3644701838493347, 0.3511635661125183, 0.4906873404979706, 0.4728694558143616, 0.40030914545059204, 0.25633537769317627, 0.35510510206222534, 0.2937660813331604, 0.4536409080028534, 0.2868213653564453, 0.26912739872932434, 0.5103707313537598, 0.4059450030326843, 0.3985902965068817, 0.561285674571991, 0.4476173520088196, 0.35716578364372253, 0.2999579906463623, 0.4671476483345032, 0.3135242462158203, 0.39320749044418335, 0.48814165592193604, 0.36001795530319214, 0.4995550215244293, 0.2798944115638733, 0.4202596843242645, 0.4550555348396301, 0.3865160346031189, 0.3927592635154724, 0.29660284519195557, 0.4332299828529358, 0.3436318635940552, 0.34902140498161316, 0.33691853284835815, 0.22714734077453613, 0.5770624876022339, 0.4545392692089081, 0.46344512701034546, 0.4275462031364441, 0.2630491852760315, 0.3874211311340332, 0.5222172737121582, 0.3730623722076416], [0.4462030231952667, 0.3480480909347534, 0.5160506963729858, 0.5220551490783691, 0.4413986802101135, 1.000000238418579, 0.40083280205726624, 0.22411096096038818, 0.488386332988739, 0.3415070176124573, 0.3569813072681427, 0.4674145579338074, 0.3348318934440613, 0.28449058532714844, 0.4126509130001068, 0.5242090821266174, 0.3650374412536621, 0.6124775409698486, 0.2553264796733856, 0.22165223956108093, 0.5546314120292664, 0.3506632149219513, 0.4269244074821472, 0.46135395765304565, 0.3659830689430237, 0.5531508922576904, 0.3827051520347595, 0.2519794702529907, 0.35657766461372375, 0.39665281772613525, 0.3618984818458557, 0.4226744472980499, 0.5923622846603394, 0.4758181571960449, 0.5038055181503296, 0.42001599073410034, 0.3789041042327881, 0.49664056301116943, 0.3143184185028076, 0.2339152693748474, 0.4691513776779175, 0.3705759644508362, 0.31487366557121277, 0.41989654302597046, 0.3835747241973877, 0.35198310017585754, 0.2803323268890381, 0.3839852809906006, 0.39059776067733765, 0.2998948395252228, 0.506263256072998, 0.5135257840156555, 0.445818692445755, 0.49457573890686035, 0.46099555492401123, 0.3870059847831726, 0.2830769717693329, 0.4313931465148926, 0.5438816547393799, 0.39081668853759766, 0.4985082149505615, 0.6345598697662354, 0.33908751606941223, 0.4642547369003296, 0.30252283811569214, 0.4030417799949646, 0.4618320167064667, 0.4866480529308319, 0.47973620891571045, 0.4885517656803131, 0.30635347962379456, 0.4411277174949646, 0.47089457511901855, 0.3331444561481476, 0.4336254298686981, 0.257071852684021, 0.6096117496490479, 0.3480796217918396, 0.48236018419265747, 0.3086789548397064, 0.40184780955314636, 0.3801767826080322, 0.4601929783821106, 0.30264878273010254, 0.2960979640483856, 0.5424131155014038, 0.358602911233902, 0.4311184287071228, 0.48074910044670105, 0.42357826232910156, 0.568801999092102, 0.4473035931587219, 0.4222365617752075, 0.3794603943824768, 0.4285072684288025, 0.3945047855377197, 0.5113891959190369, 0.4121161103248596, 0.46208566427230835, 0.5077627897262573, 0.5898808836936951], [0.36650794744491577, 0.2511659860610962, 0.3868422508239746, 0.26521357893943787, 0.4535088837146759, 0.40083280205726624, 1.0000003576278687, 0.37190157175064087, 0.3458951413631439, 0.3612315058708191, 0.4551286995410919, 0.5117100477218628, 0.4839111268520355, 0.39395269751548767, 0.5196118354797363, 0.36587896943092346, 0.4155421853065491, 0.37870675325393677, 0.35427427291870117, 0.41429558396339417, 0.3832339644432068, 0.2969226837158203, 0.42682260274887085, 0.39242130517959595, 0.5545274615287781, 0.47892528772354126, 0.4423220455646515, 0.34546899795532227, 0.27206891775131226, 0.4143255352973938, 0.46033763885498047, 0.5351152420043945, 0.5574484467506409, 0.43993568420410156, 0.32567745447158813, 0.381212055683136, 0.2707270681858063, 0.31160444021224976, 0.3154294490814209, 0.3425962030887604, 0.28966301679611206, 0.4545452892780304, 0.34357839822769165, 0.30324506759643555, 0.5509583950042725, 0.4860944449901581, 0.4258211851119995, 0.5541191697120667, 0.262987345457077, 0.4279748201370239, 0.34791287779808044, 0.5733177661895752, 0.3445001244544983, 0.3274780213832855, 0.3307453989982605, 0.30639660358428955, 0.26323139667510986, 0.3362570106983185, 0.3511413335800171, 0.3100094497203827, 0.3709385395050049, 0.4852955937385559, 0.4674449563026428, 0.2921309471130371, 0.32969462871551514, 0.3633056879043579, 0.42841455340385437, 0.31273314356803894, 0.411302387714386, 0.47050145268440247, 0.4110091030597687, 0.5651259422302246, 0.5781035423278809, 0.3260602653026581, 0.37554752826690674, 0.24468280375003815, 0.30564379692077637, 0.3528951406478882, 0.3635573089122772, 0.5231809616088867, 0.3132711350917816, 0.5260448455810547, 0.39317065477371216, 0.37446150183677673, 0.4163169860839844, 0.3845052719116211, 0.49143552780151367, 0.38894930481910706, 0.589336633682251, 0.3247850835323334, 0.3850647807121277, 0.3572132885456085, 0.26726454496383667, 0.5532011985778809, 0.40331584215164185, 0.42447659373283386, 0.46316951513290405, 0.3076479434967041, 0.4058062732219696, 0.38670653104782104, 0.5554296970367432], [0.30232030153274536, 0.5420565605163574, 0.27380916476249695, 0.47259584069252014, 0.3878118097782135, 0.22411096096038818, 0.37190157175064087, 1.000000238418579, 0.308776319026947, 0.3541654944419861, 0.40378403663635254, 0.3224491477012634, 0.4243926405906677, 0.32033848762512207, 0.33669617772102356, 0.31690260767936707, 0.3936322331428528, 0.29403454065322876, 0.683290421962738, 0.6953757405281067, 0.27143722772598267, 0.39038100838661194, 0.4020036458969116, 0.37663471698760986, 0.31572091579437256, 0.3017498850822449, 0.5016292333602905, 0.5653419494628906, 0.41145944595336914, 0.6089497804641724, 0.4106934070587158, 0.44620513916015625, 0.32630455493927, 0.3893190920352936, 0.4196709096431732, 0.40703994035720825, 0.17368420958518982, 0.5393717885017395, 0.20458021759986877, 0.3443544805049896, 0.5257461071014404, 0.4183819890022278, 0.5768229961395264, 0.2819046974182129, 0.2629660367965698, 0.44312459230422974, 0.2901569604873657, 0.3480008840560913, 0.4302482008934021, 0.2966981530189514, 0.3159083127975464, 0.3455964922904968, 0.4555376470088959, 0.3216018080711365, 0.6261193752288818, 0.49144333600997925, 0.5023388266563416, 0.5385683178901672, 0.25652098655700684, 0.4385870695114136, 0.2644970417022705, 0.3504190444946289, 0.35424962639808655, 0.39570581912994385, 0.49891942739486694, 0.2881232500076294, 0.2852787971496582, 0.4120076298713684, 0.30904966592788696, 0.2489871084690094, 0.3037017583847046, 0.38929539918899536, 0.4488486051559448, 0.322462797164917, 0.22588594257831573, 0.6082319021224976, 0.2726230323314667, 0.26250767707824707, 0.31984254717826843, 0.4460665285587311, 0.30300241708755493, 0.5111074447631836, 0.37331998348236084, 0.5642216801643372, 0.5008803606033325, 0.33855149149894714, 0.3422004282474518, 0.2851260006427765, 0.38375723361968994, 0.43367570638656616, 0.27352088689804077, 0.4525798559188843, 0.30167046189308167, 0.44751155376434326, 0.4556494355201721, 0.34044909477233887, 0.2116219699382782, 0.33379504084587097, 0.32744622230529785, 0.24660590291023254, 0.3701850175857544], [0.347098171710968, 0.34780484437942505, 0.5061313509941101, 0.4031810164451599, 0.39454811811447144, 0.488386332988739, 0.3458951413631439, 0.308776319026947, 1.0, 0.4375470280647278, 0.3266143202781677, 0.3502580523490906, 0.2824712097644806, 0.2451130449771881, 0.2646249532699585, 0.4122597873210907, 0.3954571783542633, 0.530083417892456, 0.3061921000480652, 0.33102500438690186, 0.43162572383880615, 0.3855769634246826, 0.4016174077987671, 0.3814372420310974, 0.36906400322914124, 0.4449227750301361, 0.3634887933731079, 0.2439233660697937, 0.27399110794067383, 0.33213305473327637, 0.3167930245399475, 0.3676864206790924, 0.4353525638580322, 0.36763709783554077, 0.44203007221221924, 0.36295628547668457, 0.33996325731277466, 0.4126960039138794, 0.35200703144073486, 0.2753676176071167, 0.36989450454711914, 0.35230863094329834, 0.34564340114593506, 0.4192192554473877, 0.3345714211463928, 0.30669108033180237, 0.3125803470611572, 0.28232601284980774, 0.3487265706062317, 0.2480003535747528, 0.4125307500362396, 0.47875526547431946, 0.3726586103439331, 0.3411017954349518, 0.41399168968200684, 0.333316445350647, 0.45246434211730957, 0.4744260907173157, 0.43420636653900146, 0.34737902879714966, 0.40158236026763916, 0.46878665685653687, 0.22258740663528442, 0.35894274711608887, 0.3614838719367981, 0.42040199041366577, 0.4325079023838043, 0.3887694180011749, 0.374242901802063, 0.43772125244140625, 0.31422197818756104, 0.39742687344551086, 0.36923617124557495, 0.28453025221824646, 0.3921385705471039, 0.25182968378067017, 0.32810813188552856, 0.3428502082824707, 0.36133795976638794, 0.30265146493911743, 0.3464794158935547, 0.3687475919723511, 0.3799549341201782, 0.3111998438835144, 0.29013144969940186, 0.3507586717605591, 0.2705583870410919, 0.3540758788585663, 0.3228636085987091, 0.3918064832687378, 0.5384929776191711, 0.35476183891296387, 0.36047250032424927, 0.36904722452163696, 0.27639394998550415, 0.3487131595611572, 0.4205631911754608, 0.35643714666366577, 0.3569117784500122, 0.4763358235359192, 0.49258366227149963], [0.31807196140289307, 0.4560449719429016, 0.3826445937156677, 0.4447212219238281, 0.5011303424835205, 0.3415070176124573, 0.3612315058708191, 0.3541654944419861, 0.4375470280647278, 0.9999998807907104, 0.2838660180568695, 0.29415714740753174, 0.3459888696670532, 0.2663005292415619, 0.24245694279670715, 0.5947930812835693, 0.5416876077651978, 0.3911646008491516, 0.391340970993042, 0.33221718668937683, 0.3295561671257019, 0.4993278980255127, 0.4958763122558594, 0.4575234651565552, 0.30523681640625, 0.41474008560180664, 0.46606433391571045, 0.2708325982093811, 0.33062851428985596, 0.389748215675354, 0.4621368646621704, 0.319527268409729, 0.3489387333393097, 0.42045021057128906, 0.46156537532806396, 0.5629763603210449, 0.2727803587913513, 0.5165538191795349, 0.1967184841632843, 0.38938474655151367, 0.560636579990387, 0.32685455679893494, 0.39140811562538147, 0.4461480975151062, 0.2110595405101776, 0.48765331506729126, 0.2581843137741089, 0.3016260862350464, 0.3680564761161804, 0.1625736951828003, 0.28311067819595337, 0.31493934988975525, 0.45545899868011475, 0.37095868587493896, 0.5015387535095215, 0.48312142491340637, 0.5032433867454529, 0.38981616497039795, 0.3615254759788513, 0.5240578055381775, 0.36446282267570496, 0.43524613976478577, 0.3423194885253906, 0.30858850479125977, 0.41685348749160767, 0.3954874277114868, 0.46551039814949036, 0.4234446585178375, 0.3360583186149597, 0.5087708830833435, 0.23934686183929443, 0.34132519364356995, 0.4211743474006653, 0.3979308605194092, 0.6205745339393616, 0.31617897748947144, 0.41585972905158997, 0.51642906665802, 0.3198857307434082, 0.36782652139663696, 0.31554126739501953, 0.4370930790901184, 0.3979382812976837, 0.4062677025794983, 0.29447242617607117, 0.3317234218120575, 0.21572771668434143, 0.4674113988876343, 0.3429979085922241, 0.4688646197319031, 0.3653818964958191, 0.3087524473667145, 0.38556915521621704, 0.42480137944221497, 0.2958182692527771, 0.29174840450286865, 0.4050876498222351, 0.3855469822883606, 0.4735106825828552, 0.5175498127937317, 0.40522319078445435], [0.3689478635787964, 0.29685619473457336, 0.33955761790275574, 0.31977933645248413, 0.5562015771865845, 0.3569813072681427, 0.4551286995410919, 0.40378403663635254, 0.3266143202781677, 0.2838660180568695, 1.000000238418579, 0.4186961054801941, 0.5231786966323853, 0.30193477869033813, 0.4398895800113678, 0.3544599711894989, 0.41766130924224854, 0.40454569458961487, 0.44607317447662354, 0.4063917100429535, 0.23976141214370728, 0.3432728350162506, 0.3526972532272339, 0.4592958390712738, 0.3884798288345337, 0.35964706540107727, 0.5168610215187073, 0.43629691004753113, 0.19007867574691772, 0.43334805965423584, 0.5264219045639038, 0.41385364532470703, 0.4143480062484741, 0.40369492769241333, 0.38186022639274597, 0.5041557550430298, 0.13008543848991394, 0.3446081578731537, 0.2188645899295807, 0.27335238456726074, 0.3402513265609741, 0.6089953184127808, 0.2679305374622345, 0.3579201102256775, 0.4578437805175781, 0.5401836633682251, 0.33709684014320374, 0.38278472423553467, 0.2597402334213257, 0.3961119055747986, 0.3810293674468994, 0.46897655725479126, 0.4894469082355499, 0.3745211064815521, 0.3754342198371887, 0.3251799941062927, 0.2301700860261917, 0.3609376847743988, 0.30143171548843384, 0.37902241945266724, 0.40759360790252686, 0.44337010383605957, 0.3600810766220093, 0.3281392455101013, 0.30328741669654846, 0.21487878262996674, 0.3256239891052246, 0.23096199333667755, 0.3743005692958832, 0.40409111976623535, 0.47844749689102173, 0.43669408559799194, 0.5049546360969543, 0.39294493198394775, 0.33666062355041504, 0.38126808404922485, 0.3052341938018799, 0.29065781831741333, 0.3069896697998047, 0.5095080733299255, 0.3589353561401367, 0.533776581287384, 0.3319242298603058, 0.3710785210132599, 0.35714849829673767, 0.2875210642814636, 0.4281502962112427, 0.257437527179718, 0.3873477280139923, 0.33652937412261963, 0.3145501911640167, 0.35187041759490967, 0.26168036460876465, 0.47131502628326416, 0.5439097881317139, 0.45751285552978516, 0.3112304210662842, 0.32319754362106323, 0.3685470223426819, 0.4255162477493286, 0.4047297239303589], [0.32518988847732544, 0.2188987284898758, 0.4127885103225708, 0.28390541672706604, 0.4294646084308624, 0.4674145579338074, 0.5117100477218628, 0.3224491477012634, 0.3502580523490906, 0.29415714740753174, 0.4186961054801941, 1.0000001192092896, 0.4827638566493988, 0.4074508547782898, 0.40920543670654297, 0.3788074851036072, 0.4064534306526184, 0.4704742133617401, 0.26929864287376404, 0.2514426112174988, 0.306306391954422, 0.3746624290943146, 0.4473101496696472, 0.44786369800567627, 0.4546361565589905, 0.414431095123291, 0.30814412236213684, 0.24211038649082184, 0.2596847414970398, 0.34231823682785034, 0.3775685429573059, 0.4259946346282959, 0.6084504723548889, 0.4298648238182068, 0.44952821731567383, 0.30747780203819275, 0.40385890007019043, 0.2790296673774719, 0.40503937005996704, 0.3856703042984009, 0.3368391990661621, 0.41628485918045044, 0.2794301211833954, 0.2940487265586853, 0.42983365058898926, 0.5232793688774109, 0.35651636123657227, 0.51003497838974, 0.3271157741546631, 0.4226382076740265, 0.40715473890304565, 0.5227639675140381, 0.5155863165855408, 0.406751811504364, 0.3076571524143219, 0.3451539874076843, 0.28888630867004395, 0.2936180830001831, 0.44926387071609497, 0.35356971621513367, 0.43150052428245544, 0.5261431932449341, 0.4597938656806946, 0.30220237374305725, 0.2854839265346527, 0.34080618619918823, 0.41530248522758484, 0.27711910009384155, 0.33020350337028503, 0.5181229114532471, 0.43567028641700745, 0.4912245273590088, 0.5151593089103699, 0.4140275716781616, 0.3757457137107849, 0.22285602986812592, 0.3243755102157593, 0.3560124337673187, 0.4407925605773926, 0.579472541809082, 0.2937474846839905, 0.5050848722457886, 0.4500840902328491, 0.307679682970047, 0.3400208055973053, 0.31035906076431274, 0.44673556089401245, 0.3493897020816803, 0.590819239616394, 0.2593275308609009, 0.41226726770401, 0.39425772428512573, 0.32166728377342224, 0.46646565198898315, 0.38913577795028687, 0.4517139196395874, 0.3482206165790558, 0.2685187757015228, 0.3741591274738312, 0.38321882486343384, 0.5344176292419434], [0.3035445511341095, 0.2390754222869873, 0.31609058380126953, 0.2679022550582886, 0.4843290150165558, 0.3348318934440613, 0.4839111268520355, 0.4243926405906677, 0.2824712097644806, 0.3459888696670532, 0.5231786966323853, 0.4827638566493988, 0.9999998807907104, 0.3087576925754547, 0.3995540738105774, 0.4040377140045166, 0.32976943254470825, 0.3930853605270386, 0.3385924696922302, 0.43647128343582153, 0.2661777138710022, 0.4115282893180847, 0.43070662021636963, 0.47942405939102173, 0.3946934938430786, 0.34334883093833923, 0.4510006904602051, 0.299831748008728, 0.1512378305196762, 0.390234112739563, 0.41374343633651733, 0.35879895091056824, 0.4241518974304199, 0.4181908071041107, 0.3623124361038208, 0.41758573055267334, 0.24800848960876465, 0.3191284239292145, 0.2745968997478485, 0.3601379990577698, 0.31448715925216675, 0.4811304211616516, 0.255296915769577, 0.3476477265357971, 0.4485657215118408, 0.472102552652359, 0.46117955446243286, 0.44994983077049255, 0.3490017056465149, 0.39130285382270813, 0.3978850543498993, 0.40514373779296875, 0.5291404724121094, 0.3779924213886261, 0.3327482342720032, 0.25555354356765747, 0.22504922747612, 0.2988899350166321, 0.3869544565677643, 0.29839417338371277, 0.4194803833961487, 0.3809891641139984, 0.36358022689819336, 0.25378507375717163, 0.31143468618392944, 0.2047264575958252, 0.36394965648651123, 0.18204188346862793, 0.27103033661842346, 0.38514649868011475, 0.4138767719268799, 0.4991438388824463, 0.4324966073036194, 0.3680657148361206, 0.3437412977218628, 0.2859145998954773, 0.3407597839832306, 0.3896861672401428, 0.30020132660865784, 0.501820981502533, 0.32059890031814575, 0.4511736035346985, 0.3736141324043274, 0.2782723903656006, 0.3567861020565033, 0.273524671792984, 0.4505327343940735, 0.3710062503814697, 0.4520023465156555, 0.2132493555545807, 0.3230202794075012, 0.412170946598053, 0.3104976415634155, 0.4932670593261719, 0.4111294150352478, 0.351769357919693, 0.3527533710002899, 0.24396787583827972, 0.38932621479034424, 0.3626951575279236, 0.4871043562889099], [0.2535194158554077, 0.2454560101032257, 0.2891900837421417, 0.30820709466934204, 0.407736599445343, 0.28449058532714844, 0.39395269751548767, 0.32033848762512207, 0.2451130449771881, 0.2663005292415619, 0.30193477869033813, 0.4074508547782898, 0.3087576925754547, 1.0, 0.5143388509750366, 0.31160542368888855, 0.33264535665512085, 0.34518396854400635, 0.3534914255142212, 0.2533494532108307, 0.260234534740448, 0.21043109893798828, 0.37967002391815186, 0.5081822872161865, 0.4351194202899933, 0.2551057040691376, 0.4261742830276489, 0.31522437930107117, 0.316403865814209, 0.28754183650016785, 0.47583818435668945, 0.3307332992553711, 0.2958443760871887, 0.3375304341316223, 0.31111228466033936, 0.24140512943267822, 0.378442645072937, 0.3394216299057007, 0.30247217416763306, 0.26185986399650574, 0.3489726185798645, 0.4764222502708435, 0.33669668436050415, 0.34724876284599304, 0.3352212905883789, 0.3990437686443329, 0.2829299867153168, 0.36795639991760254, 0.23113515973091125, 0.4792824387550354, 0.22660237550735474, 0.3987501263618469, 0.30149516463279724, 0.2539287209510803, 0.3370260000228882, 0.2877487540245056, 0.23068037629127502, 0.31191933155059814, 0.39469119906425476, 0.15884464979171753, 0.34857070446014404, 0.38452067971229553, 0.26782307028770447, 0.2872388958930969, 0.32960861921310425, 0.2923175096511841, 0.30246371030807495, 0.21714811027050018, 0.33748841285705566, 0.29430723190307617, 0.3274914622306824, 0.40839236974716187, 0.4758298099040985, 0.358050674200058, 0.2083214819431305, 0.30723869800567627, 0.32792404294013977, 0.29090744256973267, 0.25893285870552063, 0.39411306381225586, 0.2894183397293091, 0.46988335251808167, 0.24919991195201874, 0.49520742893218994, 0.2975509762763977, 0.19744183123111725, 0.3850877285003662, 0.23170939087867737, 0.40960508584976196, 0.22928458452224731, 0.28611618280410767, 0.3877379298210144, 0.3877435326576233, 0.6049036383628845, 0.2791053056716919, 0.4089573919773102, 0.2625187039375305, 0.28838881850242615, 0.34416764974594116, 0.3189767003059387, 0.3050900101661682], [0.2558583915233612, 0.19352871179580688, 0.3436972498893738, 0.37479931116104126, 0.316609263420105, 0.4126509130001068, 0.5196118354797363, 0.33669617772102356, 0.2646249532699585, 0.24245694279670715, 0.4398895800113678, 0.40920543670654297, 0.3995540738105774, 0.5143388509750366, 1.0000001192092896, 0.41041266918182373, 0.33433982729911804, 0.37585097551345825, 0.31071406602859497, 0.34932011365890503, 0.3976740837097168, 0.2304646074771881, 0.25310274958610535, 0.5401028394699097, 0.46468377113342285, 0.41791030764579773, 0.43250563740730286, 0.3815302848815918, 0.20105203986167908, 0.42382240295410156, 0.38437363505363464, 0.42231136560440063, 0.439098596572876, 0.4070490896701813, 0.2829698324203491, 0.4403877854347229, 0.2456350326538086, 0.27967676520347595, 0.3517046570777893, 0.2766643762588501, 0.28417107462882996, 0.47761160135269165, 0.3025086522102356, 0.3071938455104828, 0.40781170129776, 0.36787059903144836, 0.33216196298599243, 0.4708751440048218, 0.3074433207511902, 0.5085543394088745, 0.38996458053588867, 0.44521042704582214, 0.32750076055526733, 0.3259766697883606, 0.28806746006011963, 0.21141096949577332, 0.28267404437065125, 0.2987624406814575, 0.4706110656261444, 0.24012991786003113, 0.3564057946205139, 0.47658413648605347, 0.4861488938331604, 0.28892087936401367, 0.2853924632072449, 0.24133223295211792, 0.32592612504959106, 0.2762868106365204, 0.3773578405380249, 0.39319196343421936, 0.4760783910751343, 0.5644155740737915, 0.40859487652778625, 0.26084578037261963, 0.28182491660118103, 0.30859851837158203, 0.24326418340206146, 0.4232282340526581, 0.27802032232284546, 0.38445353507995605, 0.29571300745010376, 0.4876577854156494, 0.3921506404876709, 0.3872870206832886, 0.2897918224334717, 0.28134816884994507, 0.4426654577255249, 0.25201839208602905, 0.43138623237609863, 0.24314981698989868, 0.2652508318424225, 0.3340035676956177, 0.3587462902069092, 0.37941065430641174, 0.48669958114624023, 0.38052865862846375, 0.3708191514015198, 0.4060048460960388, 0.41510242223739624, 0.3412376642227173, 0.44517695903778076], [0.35723876953125, 0.41967931389808655, 0.49339693784713745, 0.4841850996017456, 0.43091368675231934, 0.5242090821266174, 0.36587896943092346, 0.31690260767936707, 0.4122597873210907, 0.5947930812835693, 0.3544599711894989, 0.3788074851036072, 0.4040377140045166, 0.31160542368888855, 0.41041266918182373, 1.0, 0.5687481164932251, 0.3872564136981964, 0.3217194676399231, 0.3205500841140747, 0.31584030389785767, 0.5335825681686401, 0.48335379362106323, 0.41057902574539185, 0.3133045434951782, 0.43696320056915283, 0.448201447725296, 0.2713739275932312, 0.4111340641975403, 0.41476982831954956, 0.4675312042236328, 0.29821324348449707, 0.4749366044998169, 0.56538987159729, 0.4636074900627136, 0.5939937829971313, 0.3873955011367798, 0.4926988184452057, 0.3261124789714813, 0.4247061610221863, 0.5176306962966919, 0.32200226187705994, 0.39275285601615906, 0.4189779758453369, 0.25149843096733093, 0.3171039819717407, 0.17019563913345337, 0.36783888936042786, 0.4849205017089844, 0.28738635778427124, 0.3901432156562805, 0.4760558009147644, 0.4675258994102478, 0.4443255662918091, 0.48655223846435547, 0.47402507066726685, 0.5251390337944031, 0.5054895281791687, 0.4695020914077759, 0.5509626865386963, 0.4432586431503296, 0.549778938293457, 0.29221606254577637, 0.43525248765945435, 0.3298022150993347, 0.43216830492019653, 0.43326351046562195, 0.4562145173549652, 0.3722948431968689, 0.5436672568321228, 0.2707308530807495, 0.42690449953079224, 0.43262192606925964, 0.4765595495700836, 0.6504101753234863, 0.3089873194694519, 0.4864759147167206, 0.5273630619049072, 0.452362060546875, 0.36481714248657227, 0.4097673296928406, 0.47234266996383667, 0.48213380575180054, 0.3007736802101135, 0.3390275239944458, 0.4378654658794403, 0.3732219338417053, 0.5421782732009888, 0.42054200172424316, 0.406638503074646, 0.47276026010513306, 0.4156378507614136, 0.41984808444976807, 0.41303128004074097, 0.39157891273498535, 0.3687215745449066, 0.4229058027267456, 0.47692906856536865, 0.5479722619056702, 0.5186494588851929, 0.5000035762786865], [0.24653777480125427, 0.4640422463417053, 0.38344138860702515, 0.36707890033721924, 0.4467335641384125, 0.3650374412536621, 0.4155421853065491, 0.3936322331428528, 0.3954571783542633, 0.5416876077651978, 0.41766130924224854, 0.4064534306526184, 0.32976943254470825, 0.33264535665512085, 0.33433982729911804, 0.5687481164932251, 1.0000001192092896, 0.3055981397628784, 0.463407039642334, 0.3813241720199585, 0.27749738097190857, 0.41698122024536133, 0.4807153344154358, 0.42167043685913086, 0.4498433768749237, 0.3251766562461853, 0.4607987105846405, 0.3644384741783142, 0.4369116425514221, 0.4813392758369446, 0.5470589399337769, 0.388083815574646, 0.37190723419189453, 0.4359162747859955, 0.42027464509010315, 0.5903608798980713, 0.3650442063808441, 0.4750174582004547, 0.2923206090927124, 0.4714186191558838, 0.4379875063896179, 0.42144060134887695, 0.4558621346950531, 0.38357657194137573, 0.3447779417037964, 0.4897320866584778, 0.3447015881538391, 0.37051481008529663, 0.36861807107925415, 0.3762867748737335, 0.30922171473503113, 0.3949081301689148, 0.344582736492157, 0.43505609035491943, 0.419127881526947, 0.4502372741699219, 0.4738807678222656, 0.44100266695022583, 0.34945300221443176, 0.44465726613998413, 0.3600517511367798, 0.4520784020423889, 0.33981403708457947, 0.3567882478237152, 0.36539000272750854, 0.36180615425109863, 0.41533520817756653, 0.3964371085166931, 0.37572917342185974, 0.3889538049697876, 0.3281664252281189, 0.4233800172805786, 0.51517254114151, 0.43304967880249023, 0.6241772770881653, 0.436676025390625, 0.4398652911186218, 0.5596766471862793, 0.377368688583374, 0.525943398475647, 0.32160621881484985, 0.5197654962539673, 0.3969712555408478, 0.4683985114097595, 0.4096856713294983, 0.3957982063293457, 0.378301203250885, 0.5139201879501343, 0.48133134841918945, 0.4541117250919342, 0.37277746200561523, 0.4020651876926422, 0.39245498180389404, 0.46615442633628845, 0.517024040222168, 0.4023653268814087, 0.2980033755302429, 0.37276580929756165, 0.42838558554649353, 0.4295452833175659, 0.42418962717056274], [0.5091708898544312, 0.357712984085083, 0.511222243309021, 0.452787309885025, 0.4564710855484009, 0.6124775409698486, 0.37870675325393677, 0.29403454065322876, 0.530083417892456, 0.3911646008491516, 0.40454569458961487, 0.4704742133617401, 0.3930853605270386, 0.34518396854400635, 0.37585097551345825, 0.3872564136981964, 0.3055981397628784, 1.0000001192092896, 0.28485986590385437, 0.26564186811447144, 0.4570172131061554, 0.41162964701652527, 0.4205944240093231, 0.4527694582939148, 0.4441274404525757, 0.5488132834434509, 0.3572782874107361, 0.28905850648880005, 0.3122347593307495, 0.27714627981185913, 0.3754408359527588, 0.3559081554412842, 0.6283950805664062, 0.46898353099823, 0.45447856187820435, 0.3510834574699402, 0.3726097643375397, 0.3976062834262848, 0.38269004225730896, 0.18420642614364624, 0.4327561855316162, 0.4308967590332031, 0.282813161611557, 0.4707028269767761, 0.4921777546405792, 0.4228723645210266, 0.4576328694820404, 0.37733161449432373, 0.3133411407470703, 0.40893059968948364, 0.45173799991607666, 0.5694836974143982, 0.49250972270965576, 0.48389574885368347, 0.4688084125518799, 0.3106299638748169, 0.3523508608341217, 0.485730916261673, 0.5632621049880981, 0.38358598947525024, 0.600115954875946, 0.6293829083442688, 0.3244403898715973, 0.38227927684783936, 0.28221994638442993, 0.45677947998046875, 0.45332252979278564, 0.4634913206100464, 0.4457818269729614, 0.5422390103340149, 0.38244128227233887, 0.42361271381378174, 0.4626016